0 2
0 5
0 175
0 257
0 318
0 394
0 435
0 574
0 747
0 773
0 803
0 985
0 1097
0 1285
0 1543
0 1694
0 1844
0 1959
1 2
1 3
1 4
1 7
1 11
1 17
1 36
1 37
1 71
1 89
1 91
1 97
1 113
1 122
1 141
1 187
1 190
1 203
1 207
1 211
1 213
1 228
1 230
1 235
1 252
1 258
1 279
1 289
1 291
1 294
1 299
1 309
1 399
1 405
1 407
1 426
1 520
1 540
1 543
1 595
1 623
1 636
1 828
1 941
1 956
1 985
1 1004
1 1045
1 1069
1 1174
1 1243
1 1272
1 1281
1 1289
1 1494
1 1527
1 1559
1 1594
1 1710
1 1732
1 1788
1 1792
1 1903
1 1969
2 3
2 5
2 16
2 18
2 21
2 22
2 23
2 24
2 27
2 28
2 29
2 30
2 49
2 54
2 57
2 59
2 65
2 67
2 68
2 76
2 77
2 90
2 96
2 104
2 144
2 146
2 151
2 158
2 171
2 182
2 189
2 202
2 210
2 221
2 240
2 244
2 249
2 253
2 265
2 276
2 290
2 317
2 319
2 369
2 377
2 395
2 398
2 406
2 422
2 424
2 448
2 460
2 470
2 484
2 492
2 494
2 495
2 505
2 521
2 533
2 552
2 583
2 615
2 677
2 694
2 695
2 702
2 728
2 729
2 744
2 754
2 816
2 831
2 837
2 841
2 857
2 882
2 904
2 905
2 966
2 968
2 1062
2 1109
2 1134
2 1135
2 1155
2 1163
2 1194
2 1204
2 1247
2 1296
2 1351
2 1360
2 1465
2 1473
2 1511
2 1521
2 1586
2 1594
2 1687
2 1688
2 1692
2 1718
2 1769
2 1819
2 1826
2 1840
2 1892
2 1914
2 1973
2 1996
3 4
3 6
3 7
3 10
3 13
3 26
3 28
3 31
3 41
3 42
3 43
3 44
3 48
3 58
3 59
3 63
3 75
3 88
3 95
3 109
3 111
3 124
3 125
3 132
3 154
3 169
3 215
3 223
3 247
3 254
3 273
3 292
3 317
3 324
3 333
3 384
3 441
3 443
3 516
3 536
3 548
3 575
3 584
3 598
3 606
3 618
3 691
3 726
3 810
3 1025
3 1070
3 1087
3 1133
3 1250
3 1281
3 1331
3 1365
3 1384
3 1490
3 1492
3 1546
3 1603
3 1652
3 1733
3 1769
3 1788
3 1874
3 1890
3 1941
3 1946
3 1950
4 6
4 10
4 12
4 26
4 35
4 80
4 114
4 273
4 320
4 323
4 349
4 396
4 434
4 491
4 529
4 547
4 630
4 676
4 678
4 749
4 774
4 832
4 910
4 988
4 999
4 1118
4 1139
4 1259
4 1392
4 1555
4 1603
4 1642
4 1863
4 1887
4 1917
4 1967
5 8
5 9
5 13
5 15
5 16
5 20
5 21
5 22
5 31
5 46
5 63
5 66
5 72
5 74
5 84
5 86
5 105
5 106
5 109
5 116
5 131
5 139
5 169
5 170
5 208
5 209
5 234
5 237
5 238
5 248
5 252
5 260
5 261
5 300
5 310
5 319
5 323
5 329
5 359
5 452
5 528
5 592
5 607
5 611
5 640
5 646
5 650
5 657
5 658
5 678
5 720
5 731
5 751
5 757
5 779
5 834
5 882
5 891
5 914
5 947
5 996
5 1023
5 1066
5 1185
5 1203
5 1228
5 1309
5 1310
5 1431
5 1435
5 1572
5 1576
5 1646
5 1651
5 1679
5 1703
5 1712
5 1739
5 1748
5 1751
5 1817
5 1823
5 1841
5 1981
6 8
6 14
6 17
6 25
6 43
6 56
6 70
6 126
6 131
6 137
6 164
6 184
6 196
6 255
6 272
6 288
6 298
6 312
6 444
6 486
6 487
6 531
6 645
6 699
6 839
6 908
6 1003
6 1050
6 1052
6 1268
6 1293
6 1442
6 1453
6 1549
6 1602
6 1710
6 1811
6 1842
7 9
7 11
7 12
7 15
7 48
7 73
7 81
7 94
7 104
7 114
7 159
7 172
7 196
7 225
7 230
7 287
7 306
7 321
7 362
7 368
7 369
7 374
7 412
7 413
7 419
7 453
7 498
7 539
7 633
7 725
7 866
7 868
7 902
7 930
7 1044
7 1116
7 1210
7 1223
7 1332
7 1405
7 1436
7 1437
7 1456
7 1459
7 1517
7 1518
7 1570
7 1615
7 1699
7 1729
7 1734
7 1787
7 1834
7 1880
7 1906
7 1928
8 19
8 24
8 33
8 38
8 69
8 77
8 126
8 145
8 214
8 314
8 448
8 516
8 519
8 628
8 637
8 691
8 772
8 790
8 806
8 873
8 937
8 963
8 993
8 1097
8 1137
8 1501
8 1797
8 1865
8 1871
9 14
9 30
9 99
9 185
9 222
9 316
9 392
9 442
9 447
9 1250
9 1307
9 1469
9 1540
9 1578
9 1595
9 1711
9 1716
9 1908
10 78
10 111
10 188
10 235
10 339
10 466
11 20
11 32
11 42
11 52
11 57
11 95
11 107
11 175
11 201
11 245
11 263
11 346
11 365
11 478
11 501
11 512
11 555
11 585
11 724
11 731
11 957
11 1101
11 1173
11 1181
11 1424
11 1662
12 18
12 19
12 25
12 70
12 80
12 106
12 133
12 139
12 178
12 218
12 234
12 241
12 242
12 276
12 281
12 352
12 355
12 379
12 391
12 480
12 491
12 804
12 856
12 930
12 959
12 968
12 1006
12 1009
12 1135
12 1259
12 1307
12 1436
12 1471
12 1547
12 1558
12 1683
12 1896
12 1914
12 1952
13 39
13 64
13 212
13 250
13 341
13 348
13 844
13 847
13 932
13 1374
13 1812
14 79
14 90
14 167
14 193
14 375
14 503
14 508
14 616
14 762
14 958
14 1109
14 1282
14 1559
14 1634
14 1635
14 1639
14 1649
14 1957
15 83
15 535
15 780
15 1270
16 34
16 64
16 82
16 92
16 117
16 357
16 509
16 518
16 655
16 742
16 1012
16 1028
16 1309
16 1347
16 1472
16 1621
16 1721
16 1729
17 54
17 72
17 73
17 78
17 150
17 199
17 215
17 261
17 430
17 450
17 497
17 638
17 662
17 663
17 762
17 905
17 931
17 967
17 1065
17 1310
17 1313
17 1377
17 1419
17 1866
18 34
18 41
18 45
18 47
18 76
18 81
18 97
18 119
18 220
18 446
18 483
18 569
18 763
18 936
18 948
18 1100
18 1157
18 1186
18 1188
18 1254
18 1316
18 1331
18 1395
18 1459
18 1634
18 1705
18 1853
18 1943
18 1972
18 1980
19 44
19 58
19 102
19 144
19 191
19 652
19 1199
19 1521
20 135
20 155
20 362
20 567
20 589
20 639
20 699
20 724
20 864
20 1064
20 1138
20 1160
20 1416
21 23
21 27
21 50
21 147
21 286
21 326
21 330
21 370
21 415
21 533
21 553
21 704
21 934
21 1091
21 1165
21 1382
21 1399
21 1588
22 32
22 198
22 264
22 272
22 409
22 797
22 839
22 1430
22 1516
23 35
23 38
23 40
23 60
23 100
23 105
23 133
23 136
23 231
23 271
23 310
23 490
23 564
23 581
23 660
23 741
23 900
23 972
23 1043
23 1051
23 1098
23 1288
23 1403
23 1426
23 1476
23 1526
23 1735
23 1891
23 1985
24 51
24 94
24 108
24 281
24 334
24 347
24 538
24 613
24 631
24 654
24 826
24 938
24 946
24 1524
24 1901
25 579
25 584
25 922
25 1226
25 1580
25 1940
26 29
26 37
26 51
26 68
26 110
26 155
26 162
26 183
26 508
26 522
26 539
26 610
26 938
26 1071
26 1102
26 1170
26 1193
26 1350
26 1410
26 1451
26 1471
26 1791
26 1904
27 36
27 75
27 718
27 796
27 1202
27 1551
28 60
28 62
28 88
28 127
28 129
28 224
28 263
28 267
28 270
28 278
28 350
28 385
28 532
28 556
28 693
28 733
28 834
28 837
28 870
28 901
28 943
28 961
28 1534
28 1636
28 1683
28 1713
28 1789
28 1893
29 55
29 87
29 102
29 116
29 154
29 182
29 185
29 260
29 285
29 368
29 452
29 500
29 524
29 639
29 668
29 798
29 857
29 859
29 884
29 922
29 966
29 1077
29 1174
29 1204
29 1272
29 1500
29 1540
29 1672
29 1708
29 1848
30 125
30 197
30 275
30 301
30 370
30 419
30 455
30 476
30 502
30 529
30 643
30 656
30 664
30 1480
30 1851
30 1879
31 45
31 127
31 177
31 214
31 219
31 496
31 973
31 1080
31 1122
31 1125
31 1614
32 33
32 39
32 56
32 69
32 113
32 135
32 142
32 149
32 157
32 170
32 197
32 211
32 217
32 237
32 265
32 266
32 267
32 304
32 311
32 332
32 335
32 342
32 351
32 404
32 416
32 431
32 456
32 559
32 674
32 771
32 801
32 806
32 821
32 854
32 862
32 878
32 910
32 964
32 1088
32 1142
32 1159
32 1197
32 1217
32 1303
32 1312
32 1323
32 1482
32 1498
32 1591
32 1695
32 1771
32 1951
33 387
33 504
33 1583
34 99
34 119
34 130
34 158
34 376
34 393
34 462
34 524
34 647
34 1042
34 1706
34 1725
35 40
35 53
35 128
35 280
35 354
35 356
35 379
35 414
35 426
35 534
35 553
35 565
35 626
35 635
35 723
35 849
35 886
35 926
35 934
35 944
35 1219
35 1323
35 1339
35 1362
35 1366
35 1390
35 1522
35 1734
35 1794
35 1808
35 1827
35 1840
36 55
36 174
36 598
36 638
36 704
36 962
36 1015
36 1040
36 1265
36 1354
36 1844
36 1884
37 46
37 340
37 708
37 1810
38 47
38 52
38 381
38 1475
39 50
39 53
39 115
39 213
39 297
39 346
39 434
39 463
39 511
39 667
39 674
39 690
39 767
39 867
39 869
39 1539
39 1743
40 49
40 140
40 341
40 649
40 982
40 1034
40 1118
40 1600
41 84
41 160
41 166
41 168
41 176
41 186
41 188
41 269
41 343
41 366
41 505
41 726
41 787
41 822
41 888
41 1026
41 1274
41 1541
41 1585
41 1904
41 1912
41 1981
42 61
42 62
42 1149
42 1191
42 1282
42 1321
42 1514
43 321
43 1982
44 93
44 101
44 120
44 416
44 482
44 621
44 732
44 1810
44 1915
45 61
45 67
45 145
45 245
45 357
45 517
45 567
45 713
45 829
45 1037
45 1163
45 1460
45 1503
45 1677
45 1997
46 1140
47 590
47 972
47 1965
48 294
48 800
48 1346
48 1428
49 150
49 191
49 274
49 690
49 860
49 1402
49 1801
50 752
50 783
50 1007
50 1415
50 1564
51 96
51 98
51 1505
51 1506
52 71
52 118
52 121
52 163
52 165
52 167
52 206
52 242
52 259
52 266
52 313
52 345
52 360
52 437
52 472
52 475
52 490
52 530
52 536
52 580
52 590
52 656
52 672
52 682
52 772
52 832
52 1031
52 1182
52 1246
52 1289
52 1963
52 1995
53 1977
54 112
54 220
54 805
54 1796
55 118
55 277
55 400
55 440
55 465
55 622
55 750
55 1083
56 74
56 83
56 611
56 1061
56 1883
57 87
57 161
57 183
57 329
57 510
57 526
57 544
57 549
57 685
57 855
57 939
57 1196
57 1219
57 1368
57 1685
57 1760
57 1801
58 129
58 354
59 85
59 151
59 327
59 364
59 456
59 747
59 1131
59 1367
59 1655
59 1675
59 1690
59 1701
59 1705
59 1760
59 1849
59 1855
59 1889
59 1916
59 1918
60 107
60 159
60 721
60 1149
61 244
61 574
61 1460
61 1637
61 1692
62 65
62 168
62 192
62 227
62 398
62 464
62 597
62 828
62 916
62 924
62 1021
62 1111
62 1242
62 1383
62 1686
62 1753
62 1922
63 66
63 152
63 376
63 527
63 606
63 935
63 1414
64 103
64 143
64 201
64 351
64 430
64 619
64 702
64 720
64 757
64 874
64 1107
64 1108
64 1453
65 134
65 325
65 735
65 909
65 1375
66 82
66 101
66 138
66 343
66 489
66 712
66 1106
66 1321
66 1396
66 1773
66 1879
66 1933
67 173
67 232
67 284
67 318
67 371
67 378
67 433
67 469
67 486
67 494
67 512
67 531
67 666
67 687
67 825
67 993
67 1038
67 1110
67 1189
67 1287
67 1297
67 1401
67 1443
67 1503
67 1517
67 1709
67 1823
67 1924
67 1925
68 93
68 394
68 405
68 620
68 756
68 1469
68 1597
69 1054
69 1771
70 193
70 461
71 86
71 176
71 233
71 251
71 315
71 361
71 411
71 457
71 730
71 795
71 865
71 1039
71 1261
72 85
72 91
72 103
72 117
72 181
72 328
72 554
72 685
72 1416
72 1587
73 79
73 89
73 181
73 537
73 594
73 625
73 1187
73 1291
73 1673
73 1826
73 1923
74 586
74 1167
74 1178
74 1368
74 1877
75 308
75 1096
75 1154
75 1478
76 173
76 409
76 519
76 843
76 1114
76 1190
76 1846
76 1938
77 136
77 140
77 352
77 509
77 679
77 700
77 802
77 953
77 1017
77 1266
78 525
78 896
78 1113
78 1158
79 179
79 577
79 873
79 1312
80 149
80 279
80 661
80 738
80 809
80 1175
80 1504
80 1529
81 156
81 205
81 243
81 309
81 427
81 602
81 661
81 947
81 990
81 1158
81 1427
81 1943
81 1953
82 152
82 246
82 285
82 408
82 1845
83 100
83 224
83 296
83 523
83 534
83 763
83 899
83 1275
84 447
84 714
84 825
84 1090
84 1814
84 1937
85 143
85 153
85 157
85 389
85 931
85 952
85 987
85 998
85 1108
85 1423
85 1910
86 92
86 146
86 148
86 209
86 297
86 350
86 632
86 755
86 1233
86 1571
86 1581
86 1979
87 142
87 769
87 1397
88 147
88 247
88 380
88 402
88 418
88 446
88 474
88 495
88 758
88 883
88 978
88 1076
88 1380
88 1584
88 1711
88 1824
89 153
89 326
89 633
90 98
90 115
90 178
90 776
90 818
90 912
90 983
91 121
92 1074
93 203
93 258
93 623
93 734
93 928
93 1203
93 1398
94 122
94 130
95 256
95 1393
96 110
96 282
96 454
96 526
96 546
96 745
96 777
96 836
96 875
96 881
96 897
96 1342
96 1387
96 1431
96 1610
96 1643
96 1993
97 251
97 1520
98 510
98 784
98 1181
98 1406
99 1130
99 1150
99 1813
100 132
100 226
100 374
100 459
100 471
100 542
100 908
100 951
100 1357
100 1449
100 1814
100 1816
101 177
101 630
102 248
102 295
102 471
102 499
102 502
102 927
102 941
102 1020
102 1199
102 1315
102 1335
102 1454
102 1702
102 1744
102 1825
102 1895
103 928
104 108
104 199
104 338
104 543
104 698
104 1429
104 1450
104 1554
105 123
105 124
105 184
105 256
105 302
105 353
105 401
105 609
105 686
105 961
105 1068
105 1223
105 1462
105 1727
106 254
106 336
106 364
106 823
106 1597
107 1894
108 227
108 229
108 361
108 500
108 721
108 785
108 950
108 1184
108 1294
108 1430
109 112
109 283
109 358
109 428
109 437
109 562
109 1725
109 1783
110 186
110 229
110 367
110 421
110 564
110 737
110 1055
110 1458
110 1556
110 1776
111 120
111 180
111 365
111 530
111 569
111 604
111 698
111 706
111 1057
111 1126
111 1147
111 1172
111 1244
111 1362
111 1426
111 1428
111 1664
111 1704
112 128
112 429
112 485
112 589
113 123
113 161
113 289
113 513
113 621
113 651
113 853
113 1105
113 1215
113 1407
113 1464
113 1562
113 1583
114 872
114 1346
114 1653
114 1736
114 1783
115 160
115 468
115 571
115 717
115 1375
115 1830
117 1567
118 134
118 444
118 466
118 653
118 789
118 1308
118 1344
118 1417
118 1838
119 200
119 204
119 239
119 542
119 635
119 1019
119 1227
119 1425
119 1723
121 432
121 457
121 1138
121 1464
122 900
122 1220
122 1678
123 236
123 283
123 305
123 337
123 356
123 979
123 1575
124 148
124 423
124 576
124 722
124 1311
125 138
125 221
125 314
125 344
125 400
125 719
125 913
125 1587
125 1913
126 307
126 608
127 995
127 1579
128 141
128 180
128 355
128 593
128 657
129 1891
130 174
130 194
130 202
130 207
130 208
130 225
130 253
130 324
130 527
130 563
130 599
130 671
130 684
130 740
130 835
130 994
130 1192
130 1214
130 1562
130 1657
130 1670
130 1716
130 1793
130 1803
130 1855
131 166
131 337
131 482
132 137
132 865
132 874
133 165
133 511
133 797
133 824
133 907
133 1206
133 1442
133 1669
134 911
135 360
135 665
135 1643
135 1910
136 600
136 1170
136 1343
136 1577
137 156
137 342
137 1188
138 241
138 243
138 332
138 461
138 599
138 811
138 1231
138 1332
138 1479
139 205
139 223
139 489
139 517
139 644
139 655
139 670
139 703
139 1049
139 1082
139 1132
139 1256
139 1257
139 1712
140 200
140 380
140 408
140 455
140 474
140 716
140 1053
140 1063
140 1167
140 1235
140 1279
141 580
141 1628
141 1772
142 162
142 194
142 216
142 268
142 363
142 770
142 859
142 1021
142 1215
142 1579
142 1665
143 573
143 697
143 994
143 1507
143 1994
144 187
144 259
144 295
144 802
144 889
144 1373
144 1554
145 219
145 849
145 1573
145 1839
146 195
146 1036
146 1593
148 384
149 414
149 432
149 578
149 1139
149 1574
149 1991
150 971
152 311
152 372
152 478
152 541
152 893
152 907
152 935
152 962
152 1154
152 1558
152 1671
153 540
153 651
153 1119
153 1391
153 1553
153 1623
153 1836
154 163
154 172
154 404
154 551
154 851
154 1665
155 179
155 292
155 862
155 925
155 1612
155 1627
155 1939
156 164
156 995
156 1678
156 1731
157 1249
158 304
158 385
158 681
158 846
158 1079
158 1298
158 1334
158 1380
158 1821
159 195
159 212
159 383
159 470
159 525
159 551
159 1722
159 1780
160 596
160 1263
161 226
161 631
161 677
161 897
161 983
161 1609
161 1767
162 192
162 535
162 668
162 670
162 808
162 1112
163 264
163 299
163 312
163 322
163 493
163 872
163 929
163 1251
163 1551
164 787
164 1915
165 1225
165 1636
165 1774
166 345
166 766
166 1338
166 1622
167 1746
168 171
168 238
168 642
168 1859
169 277
169 420
169 813
169 970
169 1229
169 1424
169 1488
169 1676
169 1913
171 190
171 218
171 228
171 582
171 1750
171 1991
172 388
172 654
172 1529
173 425
173 788
173 989
173 1258
173 1314
173 1860
173 1936
174 189
174 308
174 313
174 415
174 541
174 671
174 793
174 967
174 1008
174 1110
174 1245
174 1403
174 1496
175 250
175 403
175 445
175 468
175 513
175 659
175 682
175 1704
175 1924
176 286
176 582
177 335
177 445
177 1452
177 1596
177 1806
178 571
178 1168
178 1187
178 1504
178 1815
179 371
179 592
179 1285
179 1414
180 1047
182 330
182 1324
182 1391
183 206
183 216
183 391
183 493
183 532
183 800
183 888
183 1122
183 1764
184 366
184 397
184 649
184 785
184 1319
185 440
185 578
185 1008
185 1043
185 1477
185 1699
185 1932
186 373
186 945
186 1049
187 514
187 515
187 723
187 893
188 334
188 1745
189 210
189 713
189 1177
190 290
190 840
190 1034
190 1211
190 1236
190 1277
190 1496
190 1898
190 1902
190 1919
190 1931
191 246
191 428
191 1059
192 198
192 393
192 729
192 1027
192 1214
192 1574
192 1700
193 1944
194 518
194 1140
194 1392
194 1555
194 1677
194 1693
195 333
195 383
195 403
195 644
195 769
195 1036
195 1084
195 1195
195 1208
195 1330
195 1354
195 1539
195 1542
195 1585
195 1694
195 1730
195 1758
195 1828
195 1837
196 288
196 653
196 871
196 1026
196 1768
197 303
197 417
197 933
197 1320
197 1370
197 1513
197 1831
197 1969
198 240
198 514
198 891
198 1531
200 327
200 331
200 501
200 556
200 600
200 764
200 960
200 1302
200 1524
200 1565
201 232
201 233
201 439
201 545
201 554
201 558
201 602
201 673
201 710
201 1077
201 1968
202 328
203 204
203 386
203 1127
203 1348
203 1405
203 1872
204 222
205 303
205 1948
206 629
206 700
206 923
206 1324
206 1341
206 1608
207 217
207 255
207 280
207 547
207 568
207 617
207 860
207 1057
207 1432
207 1854
207 1886
208 1217
208 1447
208 1582
210 498
210 1209
211 231
211 249
211 464
211 586
211 705
211 717
211 976
211 1237
211 1280
211 1781
212 697
213 382
213 397
213 458
213 483
213 562
213 616
213 1248
213 1252
213 1264
213 1393
214 239
214 282
214 421
214 601
214 605
214 689
214 781
214 904
214 975
214 991
214 1016
214 1183
214 1402
215 300
215 349
215 473
215 892
215 1544
215 1807
216 588
216 919
216 1358
216 1724
216 1839
217 372
217 664
217 987
217 1293
217 1534
218 780
218 815
218 1042
218 1280
218 1372
218 1421
219 291
220 293
220 1328
221 807
221 1006
221 1297
221 1772
221 1843
222 835
222 1148
222 1629
222 1631
223 270
223 388
223 477
223 565
223 738
223 1014
223 1061
223 1775
224 418
224 1377
225 325
225 520
225 579
225 716
225 858
225 923
225 1070
225 1719
225 1790
226 284
226 410
226 1141
226 1231
226 1657
226 1974
227 271
227 274
227 298
227 687
227 1013
227 1276
228 413
228 1083
228 1987
229 322
229 773
229 810
229 1508
230 942
231 1911
232 236
232 262
232 842
233 1687
233 1984
234 1533
235 336
235 340
235 433
235 503
235 1018
235 1145
235 1222
235 1242
235 1433
235 1878
235 1955
237 407
237 1790
238 293
238 981
238 1048
239 269
239 454
239 628
239 1882
240 1620
241 858
241 1201
241 1545
241 1703
241 1860
242 268
242 301
242 423
242 460
242 475
242 487
242 608
242 641
242 681
242 940
242 1080
242 1411
242 1475
242 1976
243 275
243 609
243 708
243 1584
243 1884
243 1975
244 563
244 965
244 1093
244 1347
244 1450
244 1719
246 431
247 353
247 425
247 436
247 449
247 587
247 603
247 719
247 760
247 1287
248 367
248 378
248 603
248 629
248 766
248 960
248 1336
249 373
249 559
249 884
249 1074
250 344
250 488
250 546
250 1103
250 1379
251 538
251 817
251 1171
252 316
252 320
252 575
252 706
252 875
252 876
252 1086
253 257
253 836
253 850
253 1273
253 1897
254 566
254 1028
255 438
255 694
255 1440
256 262
256 296
256 435
256 1196
256 1423
257 462
257 746
258 605
258 612
258 659
258 814
258 1121
258 1243
259 758
259 833
260 390
261 523
261 548
261 696
261 1164
261 1666
261 1728
262 607
262 827
262 1022
262 1615
263 485
263 1689
264 278
264 331
264 459
264 581
264 737
264 824
265 399
265 451
265 467
265 481
265 550
265 1001
265 1254
265 1263
265 1736
265 1988
266 506
266 1202
266 1209
266 1290
266 1295
266 1328
267 781
268 903
268 998
268 1468
268 1611
269 1759
269 1800
270 572
270 807
270 890
270 996
270 1153
270 1171
270 1363
270 1865
271 572
271 1056
271 1616
271 1680
271 1717
272 1148
273 744
273 1134
273 1227
273 1399
274 315
274 439
274 593
274 929
274 1572
274 1990
275 438
275 1032
275 1355
275 1721
276 521
276 610
276 980
276 1116
276 1129
277 1918
278 338
278 1000
278 1003
279 465
279 1899
280 287
280 646
281 307
283 302
283 782
283 792
283 1283
284 395
284 401
284 777
284 833
284 959
284 1005
284 1466
284 1846
284 1960
285 305
285 463
285 467
285 1682
286 306
286 443
286 506
286 537
286 617
286 955
286 957
286 1950
287 1520
289 550
289 779
289 918
289 1009
289 1041
289 1256
289 1873
294 544
294 826
294 909
294 1385
294 1454
294 1544
294 1970
295 347
295 945
295 1822
297 359
297 522
297 561
297 645
297 851
297 1132
297 1417
297 1975
299 751
299 1065
300 1386
300 1456
301 1183
301 1519
302 618
303 479
303 1050
303 1283
303 1841
304 591
304 954
305 392
305 424
305 864
305 1127
305 1682
305 1809
307 1064
308 1288
308 1973
309 453
311 878
311 1239
313 469
313 1479
314 449
314 1186
314 1978
315 560
315 765
315 1528
316 488
316 601
316 1081
317 472
317 786
317 999
318 819
318 1004
318 1419
318 1717
318 1929
319 363
319 622
319 760
319 1804
320 595
320 614
320 1198
320 1394
320 1523
322 964
323 1820
323 1980
324 683
324 753
324 815
324 902
324 1087
324 1257
324 1441
324 1633
324 1745
324 1895
325 1813
326 339
326 348
326 417
326 477
326 752
326 1090
326 1340
326 1497
326 1857
326 1963
327 375
328 954
329 377
330 1206
331 880
332 847
332 1232
332 1604
332 1656
333 382
333 1320
334 1369
335 676
335 1874
336 479
336 686
336 1881
337 1277
338 410
338 782
338 813
338 1363
338 1538
339 852
339 1152
339 1548
343 358
343 387
343 613
344 557
344 749
344 814
344 845
344 973
344 1052
344 1103
344 1590
344 1650
344 1706
344 1793
345 604
345 634
345 679
345 1784
346 451
346 711
347 1420
348 675
348 898
348 953
348 976
348 1766
348 1962
349 1200
350 422
350 566
350 707
350 718
350 748
350 925
350 1418
352 688
352 895
352 1238
352 1960
354 1927
355 497
355 761
355 936
355 1002
355 1030
355 1189
355 1253
355 1618
355 1661
355 1720
355 1862
356 389
356 920
356 1210
357 588
357 1237
357 1631
358 570
358 626
358 665
360 481
361 748
362 771
362 1778
362 1875
364 381
364 420
364 1048
364 1088
364 1401
364 1640
366 396
367 576
367 820
367 1518
367 1807
368 1014
368 1306
369 411
369 1630
370 850
370 984
370 1313
370 1352
370 1461
370 1497
370 1815
371 427
371 573
371 1322
371 1667
372 695
374 386
374 390
374 429
374 555
374 594
374 1180
374 1218
374 1255
374 1294
374 1537
375 636
375 692
375 1847
376 793
376 1645
377 784
377 1062
377 1299
377 1434
380 406
380 615
380 845
380 1104
380 1806
381 1605
382 402
382 1225
382 1295
383 473
383 735
384 507
384 1409
384 1722
384 1887
385 1099
385 1652
386 844
386 1322
386 1944
387 819
388 476
388 1525
388 1757
389 484
389 673
390 1197
391 1457
391 1938
391 1986
392 441
394 739
395 703
395 730
395 1147
395 1514
396 1175
397 412
397 577
397 583
397 997
397 1669
399 558
400 1512
401 943
401 1656
401 1805
402 515
402 939
402 1107
402 1767
403 560
403 715
404 870
404 1192
405 1397
406 1681
406 1967
407 1510
408 450
408 1326
408 1356
408 1366
408 1489
408 1888
409 612
409 732
409 753
409 1451
409 1492
410 436
410 880
410 1194
410 1576
410 1986
411 1470
412 442
412 727
412 906
412 914
412 1824
413 1707
414 775
414 838
414 950
414 1024
414 1145
414 1182
414 1216
414 1982
416 915
416 1076
417 585
418 1445
419 1128
420 557
420 663
420 705
421 1195
423 683
423 830
423 1306
423 1449
423 1892
424 1381
424 1701
427 1092
427 1390
427 1528
427 1741
428 1157
429 507
429 883
429 1178
429 1570
429 1989
430 496
430 885
430 1033
430 1072
430 1123
430 1300
430 1318
430 1467
431 774
432 863
433 885
433 1561
434 892
434 1446
435 587
435 733
435 1024
436 634
436 868
436 1164
436 1238
436 1463
437 803
437 817
437 861
437 1489
437 1610
440 1035
441 1002
441 1582
442 808
442 921
443 458
443 879
443 1849
445 1383
445 1552
445 1940
448 1831
449 642
449 658
449 711
449 877
449 970
449 974
449 1278
449 1353
449 1476
450 1100
450 1365
451 992
451 1117
451 1121
451 1762
453 614
453 1533
453 1951
455 712
455 1382
456 743
456 887
456 1498
457 1667
458 1095
458 1602
458 1739
459 648
459 680
459 1067
460 480
460 675
460 765
461 648
461 1029
462 1364
463 1030
463 1133
464 829
464 1676
465 492
465 591
465 1592
466 927
466 978
466 1630
467 783
467 1835
468 641
468 992
468 1033
468 1072
468 1799
470 778
470 1867
472 965
472 1081
472 1131
473 667
473 1029
473 1651
473 1903
474 736
474 789
474 796
474 1465
474 1536
475 1398
476 499
476 1241
476 1510
477 1114
477 1791
478 794
478 952
478 1005
478 1151
478 1234
478 1589
478 1663
478 1787
478 1878
479 504
479 755
479 792
479 895
481 933
481 1525
481 1599
481 1900
481 1947
485 980
485 1360
485 1376
485 1641
485 1752
485 1978
486 528
486 545
486 568
486 734
486 761
486 1084
486 1714
487 1768
488 745
488 1942
489 1552
490 1018
490 1069
490 1720
490 1829
491 746
491 984
492 1557
493 736
494 1221
495 725
495 1267
495 1443
495 1727
496 1970
497 1605
497 1850
498 643
498 647
498 795
498 1007
498 1601
501 1735
502 715
502 827
502 1111
502 1264
503 561
503 701
503 956
503 1553
503 1763
504 1146
504 1205
504 1876
505 816
505 1207
505 1707
506 1096
506 1535
507 1864
508 1113
509 1369
509 1832
513 640
513 1075
515 1598
516 1046
516 1318
517 1882
518 624
518 1349
519 756
519 1046
519 1120
519 1409
519 1686
519 1691
520 662
520 1305
520 1315
520 1361
521 1082
522 805
522 818
523 1271
523 1364
524 596
524 1962
525 1020
526 660
526 680
526 701
526 963
526 1056
526 1058
526 1395
526 1530
526 1949
527 1679
528 714
529 637
529 696
529 955
529 1439
529 1977
531 1298
531 1588
531 1741
532 1246
533 1483
533 1556
534 1126
534 1659
535 739
535 788
535 1262
535 1592
535 1675
536 1229
537 549
537 786
537 1770
539 1115
540 1085
541 1156
543 570
543 1374
544 1434
545 856
545 1047
546 1105
546 1168
546 1343
546 1758
547 552
547 620
547 693
547 1314
549 776
549 1645
552 982
552 1506
554 1102
555 855
555 1010
555 1091
555 1146
555 1271
555 1286
555 1336
555 1474
555 1912
556 619
556 1224
557 707
557 831
557 1278
558 688
559 848
559 919
559 1040
559 1773
559 1866
564 812
564 1606
564 1660
566 1089
567 894
567 1141
567 1302
568 898
568 1124
568 1876
569 1455
570 728
570 848
570 861
570 1136
570 1239
570 1526
570 1621
570 1624
571 1191
572 669
572 1732
572 1958
574 1432
574 1477
574 1859
576 627
577 1253
578 830
578 911
578 1152
578 1160
578 1220
580 977
580 1037
580 1261
580 1632
581 597
581 689
582 759
583 1604
586 926
586 1125
586 1169
587 1325
589 1213
590 741
590 877
590 981
590 1019
590 1740
591 1487
591 1547
593 1785
594 921
594 1590
596 915
598 1661
600 1494
601 1023
601 1611
603 624
605 625
605 840
605 1563
606 1379
607 627
608 798
608 896
608 977
608 1092
611 650
612 1326
613 1613
615 853
615 1035
615 1212
617 997
617 1693
619 823
620 669
620 901
620 1290
620 1410
621 666
621 1545
623 692
625 652
625 932
625 975
625 1593
625 1757
627 632
627 1129
627 1485
631 1896
631 1907
632 1658
633 1319
634 684
635 767
635 1785
637 822
637 1001
637 1632
638 1718
638 1901
639 1481
640 709
640 1115
640 1444
641 750
642 740
643 948
643 1260
643 1625
643 1688
643 1751
644 754
644 1333
645 866
645 924
645 1761
645 1868
646 1578
647 764
649 1317
649 1992
652 899
652 916
653 722
653 1025
653 1137
655 1075
656 799
656 1228
656 1893
657 842
657 1071
657 1130
657 1972
658 1212
661 1179
661 1858
662 879
662 1856
664 1198
664 1276
665 1833
666 1568
669 672
669 791
669 1169
669 1299
670 940
670 1252
672 1016
674 709
675 727
675 768
677 1031
679 1041
679 1931
679 1956
680 710
680 768
680 949
680 958
680 1155
680 1275
680 1681
680 1954
680 1964
682 852
682 1106
682 1499
683 1241
686 1284
687 801
687 1523
687 1854
688 1232
690 770
690 942
691 906
691 1329
691 1509
691 1857
692 799
695 743
695 1060
695 1799
695 1890
697 1185
697 1538
700 1207
700 1247
700 1698
700 1905
701 1999
702 974
703 854
703 1286
703 1958
705 1607
711 1012
711 1618
713 790
713 821
713 1413
713 1920
714 1240
714 1370
715 889
715 1635
715 1640
716 775
716 990
716 1795
719 1778
722 1230
722 1881
724 791
724 1444
725 1550
726 1863
727 869
727 1408
728 1468
728 1670
729 1695
730 1641
731 920
732 1292
733 1265
735 794
735 1292
737 742
737 1015
737 1142
737 1162
737 1744
737 1868
738 1044
739 1022
739 1144
740 1415
741 1388
745 1161
745 1311
745 1445
745 1995
746 820
748 778
748 1493
748 1638
748 1919
748 1941
749 1151
749 1485
749 1747
750 812
750 1927
750 1930
751 1513
752 841
752 991
752 1467
752 1493
753 759
754 1045
754 1378
754 1752
755 979
758 804
761 1013
761 1404
763 1568
763 1749
763 1759
763 1836
764 1304
764 1723
766 1166
767 969
767 1172
767 1345
767 1843
768 1530
769 1073
770 1068
770 1345
770 1957
771 1094
771 1274
775 843
775 1233
775 1543
776 846
777 903
777 1205
777 1987
779 1165
779 1267
781 1586
781 1842
781 1906
782 1011
782 1240
782 1563
784 1268
786 809
786 1086
786 1581
787 1400
787 1548
787 1775
789 881
789 1461
789 1495
790 951
790 1316
790 1984
791 1484
794 918
794 1078
796 946
798 1143
801 811
801 863
801 1308
802 1038
806 1089
807 887
807 1627
810 1715
812 894
812 1659
814 1371
814 1421
817 1595
818 838
819 1262
821 1925
823 890
823 1156
824 1317
829 871
829 1079
829 1664
830 1441
831 1032
831 1680
832 1104
832 1173
834 912
837 988
838 1883
839 1017
840 986
840 1495
842 876
842 1054
843 1628
847 1067
847 1472
847 1646
849 1696
850 1208
851 1770
852 1546
854 1010
854 1782
855 1384
855 1724
856 1601
857 1234
857 1291
857 1784
858 1907
859 917
860 1803
862 1053
862 1647
862 1885
863 1609
865 1812
866 867
867 1654
868 1608
869 1516
869 1674
870 886
870 1273
874 1176
875 917
875 971
875 989
875 1429
877 1662
878 1373
879 1027
879 1838
880 1055
880 1221
880 1502
880 1673
880 1753
882 949
888 1011
888 1776
888 1947
889 1483
891 1438
894 1536
895 913
895 1473
898 1894
898 1966
900 1789
902 1123
902 1458
902 1921
904 986
905 1425
907 1190
908 1193
914 1177
914 1448
918 1541
918 1700
920 1870
922 1159
923 1766
926 1284
926 1571
927 1422
928 944
929 1387
931 937
931 1786
932 1780
934 1150
934 1269
934 1779
936 1251
936 1371
936 1804
937 1359
937 1916
938 1946
940 1396
941 1063
941 1094
941 1352
941 1851
943 1176
943 1599
944 1216
944 1626
945 1997
946 1939
948 1073
949 1566
950 1060
950 1162
950 1350
951 1800
952 1648
953 969
953 1000
953 1470
953 1805
953 1827
955 1226
955 1484
955 1961
958 1166
959 1564
959 1933
962 1269
964 1435
964 1708
965 1542
966 1361
966 1508
968 1179
968 1658
970 1093
970 1161
973 1119
973 1235
973 1644
974 1690
974 1886
977 1338
978 1245
979 1437
981 1684
981 1795
982 1905
983 1213
987 1059
987 1715
988 1344
998 1512
998 1557
998 1867
999 1600
999 1862
1001 1095
1007 1452
1010 1816
1012 1101
1013 1433
1014 1180
1017 1765
1017 1964
1018 1478
1018 1847
1019 1117
1021 1334
1021 1649
1021 1856
1022 1266
1022 1519
1022 1639
1023 1085
1023 1136
1024 1830
1025 1098
1025 1614
1027 1356
1028 1066
1028 1522
1029 1864
1030 1850
1031 1039
1034 1143
1035 1499
1036 1120
1040 1058
1040 1341
1040 1404
1040 1531
1042 1386
1043 1845
1045 1983
1046 1051
1048 1211
1048 1248
1049 1349
1050 1930
1051 1406
1051 1908
1052 1738
1052 1764
1053 1078
1054 1802
1056 1560
1057 1607
1058 1353
1058 1672
1059 1236
1059 1330
1061 1357
1061 1798
1065 1337
1065 1921
1066 1124
1069 1653
1069 1861
1077 1575
1077 1742
1081 1376
1081 1422
1081 1501
1082 1412
1083 1224
1083 1333
1083 1589
1087 1885
1087 1897
1088 1400
1088 1408
1090 1184
1093 1099
1093 1413
1093 1577
1094 1642
1097 1994
1098 1565
1099 1359
1100 1617
1101 1463
1101 1949
1102 1515
1104 1258
1104 1446
1108 1858
1110 1728
1111 1112
1111 1389
1112 1128
1113 1340
1113 1474
1113 1569
1113 1755
1113 1998
1114 1549
1115 1201
1115 1218
1115 1388
1115 1486
1115 1748
1115 1835
1120 1394
1121 1412
1131 1487
1131 1730
1133 1731
1135 1507
1138 1144
1138 1740
1138 1754
1138 1871
1143 1270
1143 1622
1146 1222
1148 1153
1152 1325
1152 1488
1152 1762
1157 1244
1157 1666
1158 1567
1163 1300
1163 1515
1167 1335
1167 1448
1167 1537
1169 1230
1171 1420
1181 1486
1182 1301
1182 1737
1186 1355
1186 1920
1190 1200
1190 1389
1190 1825
1191 1327
1191 1372
1191 1714
1192 1466
1192 1668
1193 1817
1194 1455
1194 1491
1195 1511
1197 1439
1197 1782
1199 1797
1201 1990
1206 1351
1206 1934
1207 1490
1207 1945
1208 1327
1208 1418
1209 1255
1213 1296
1213 1348
1213 1385
1213 1500
1217 1898
1219 1638
1224 1260
1224 1637
1225 1875
1227 1337
1234 1249
1234 1339
1237 1303
1238 1792
1239 1828
1246 1304
1246 1411
1247 1378
1250 1279
1251 1358
1252 1633
1255 1480
1257 1606
1259 1367
1259 1988
1260 1457
1260 1532
1262 1713
1263 1902
1264 1974
1270 1509
1276 1301
1276 1742
1277 1726
1281 1440
1282 1462
1283 1329
1285 1781
1286 1482
1287 1561
1290 1305
1291 1560
1291 1580
1292 1948
1294 1502
1299 1952
1301 1684
1301 1774
1303 1438
1304 1777
1307 1756
1313 1342
1316 1965
1320 1808
1323 1447
1323 1936
1328 1733
1328 1832
1329 1481
1329 1491
1331 1620
1331 1833
1331 1853
1334 1820
1334 1955
1334 1998
1336 1802
1338 1573
1342 1647
1347 1626
1347 1983
1348 1726
1349 1407
1350 1596
1359 1822
1367 1737
1368 1619
1369 1623
1371 1996
1374 1381
1374 1911
1375 1750
1378 1625
1378 1909
1382 1427
1382 1527
1382 1848
1386 1532
1386 1624
1387 1629
1389 1660
1389 1809
1389 1818
1392 1648
1396 1689
1399 1928
1411 1505
1411 1569
1412 1696
1412 1738
1412 1818
1413 1956
1416 1655
1421 1612
1431 1697
1431 1852
1432 1961
1439 1953
1440 1654
1441 1935
1441 1979
1445 1873
1446 1749
1450 1535
1451 1929
1451 1992
1452 1877
1464 1798
1465 1932
1471 1747
1471 1922
1477 1746
1478 1917
1488 1889
1490 1674
1490 1954
1493 1989
1504 1663
1513 1698
1513 1909
1520 1697
1523 1702
1531 1709
1534 1550
1534 1899
1538 1852
1539 1880
1540 1613
1540 1976
1543 1566
1543 1755
1549 1591
1556 1743
1558 1756
1559 1616
1565 1777
1569 1598
1572 1870
1572 1945
1573 1993
1578 1763
1578 1937
1589 1786
1590 1617
1596 1685
1606 1668
1607 1966
1608 1619
1609 1829
1610 1926
1617 1644
1620 1959
1626 1691
1633 1765
1634 1834
1636 1650
1638 1796
1641 1837
1644 1985
1657 1811
1657 1819
1659 1671
1676 1754
1690 1779
1694 1794
1695 1861
1737 1761
1738 1926
1743 1942
1762 1923
1784 1821
1794 1869
1805 1872
1811 1935
1817 1968
1829 1869
1844 1999
1859 1900
1861 1888
1909 1971
1910 1934
1924 1971
