0 39
0 3
0 189
0 102
0 33
0 24
0 82
0 106
0 43
0 185
0 84
0 42
0 163
0 139
0 96
0 66
0 72
0 7
0 95
0 8
0 171
0 142
0 20
0 36
0 74
0 105
0 93
0 32
0 78
0 10
0 22
0 34
0 124
0 194
0 4
0 31
0 89
0 88
0 70
0 167
0 169
0 23
0 15
0 141
0 98
0 38
0 101
0 40
2 24
2 9
2 89
2 86
2 16
2 4
2 74
2 54
2 33
2 36
2 62
2 45
2 88
2 3
2 19
2 92
2 25
2 123
2 23
2 35
2 176
2 38
3 47
3 44
3 42
3 36
3 32
3 8
3 124
3 174
3 71
3 22
3 19
3 4
3 52
4 51
4 86
4 44
4 144
4 16
6 107
6 5
6 101
6 104
6 119
6 125
6 17
7 80
8 128
8 33
8 164
8 14
8 5
8 168
8 116
8 20
8 55
8 178
8 134
8 156
8 112
8 94
8 9
8 28
8 19
11 166
11 136
12 54
12 18
12 10
12 17
12 22
12 71
16 39
16 176
16 107
16 54
16 40
16 57
16 194
16 42
23 56
23 55
23 5
23 68
23 42
26 157
26 127
26 47
26 34
26 17
31 33
31 39
31 129
31 24
31 192
31 75
31 106
32 24
32 17
32 34
32 35
33 22
33 101
33 42
33 97
33 28
33 158
36 24
36 25
36 62
36 54
36 79
36 150
36 10
36 60
36 121
40 86
40 39
40 22
40 54
40 35
40 156
40 5
45 9
45 158
45 10
48 130
48 35
48 95
60 41
76 108
76 130
83 20
83 157
86 95
86 106
86 187
87 9
87 28
87 140
87 29
97 155
98 100
100 120
104 53
104 14
104 81
104 107
110 25
110 183
112 91
118 185
118 61
119 142
120 126
122 20
122 133
131 168
131 85
137 9
137 190
149 198
149 9
152 13
152 132
171 22
171 9
178 46
180 53
180 103
181 74
181 35
183 10
189 193
191 21
191 67
192 20
197 186
197 169
1 9
5 95
5 25
5 85
5 37
5 28
5 89
10 19
10 14
10 155
10 151
10 66
10 53
10 55
10 156
10 22
14 29
14 52
18 44
21 82
21 25
21 46
22 145
22 111
22 128
22 138
22 28
25 170
25 50
38 175
38 114
38 58
49 103
49 67
72 88
72 73
78 54
101 184
115 161
115 139
115 30
150 190
174 173
17 175
17 143
17 15
17 198
17 177
27 46
27 135
27 35
27 9
27 43
37 188
37 47
37 53
52 177
52 182
63 20
63 39
63 113
80 74
80 179
80 139
84 39
127 39
162 99
162 28
15 164
15 19
58 66
58 153
68 29
68 82
109 9
109 144
9 134
9 105
9 24
9 159
9 59
19 134
20 136
20 50
20 44
20 28
20 75
59 160
88 111
102 157
102 53
96 93
179 141
13 159
13 64
24 146
24 43
29 143
41 124
41 140
44 93
46 39
46 196
46 90
75 121
99 62
147 125
147 188
153 82
53 161
69 108
69 89
81 70
81 35
94 151
94 64
121 165
123 124
123 47
126 39
166 172
196 30
34 193
39 50
39 42
61 30
61 148
195 42
195 91
186 154
28 77
28 51
28 103
92 148
92 106
71 134
71 133
71 160
199 57
199 117
30 172
43 79
62 177
62 64
187 146
35 103
90 145
90 111
138 74
154 65
51 73
184 135
67 57
67 125
77 132
165 163
56 114
65 182
65 113
93 167
70 74
42 124
55 182
55 116
66 91
117 139
169 173
129 170
