0 2
0 3
0 4
0 6
0 7
0 8
0 11
0 12
0 16
0 23
0 26
0 31
0 32
0 33
0 36
0 40
0 45
0 48
0 60
0 76
0 83
0 86
0 87
0 97
0 98
0 100
0 104
0 110
0 112
0 118
0 119
0 120
0 122
0 130
0 131
0 137
0 142
0 149
0 152
0 171
0 178
0 180
0 181
0 183
0 189
0 191
0 192
0 197
1 2
2 3
2 4
2 5
2 6
2 10
2 11
2 14
2 16
2 18
2 21
2 22
2 25
2 38
2 49
2 72
2 78
2 101
2 115
2 150
2 174
3 5
3 8
3 17
3 23
3 27
3 37
3 48
3 52
3 63
3 80
3 84
3 127
3 162
4 15
4 27
4 38
4 58
4 68
4 109
5 7
5 9
5 19
5 20
5 59
5 88
5 102
5 162
6 12
6 26
6 96
6 104
6 179
8 9
8 13
8 15
8 24
8 29
8 32
8 33
8 37
8 41
8 44
8 46
8 75
8 99
8 119
8 147
8 150
8 153
9 10
9 13
9 53
9 69
9 81
9 94
9 107
9 108
9 121
9 123
9 126
9 166
9 196
10 20
10 31
10 34
10 39
10 41
10 61
10 84
10 99
10 171
10 194
10 195
10 198
12 14
12 186
12 190
12 191
13 28
14 17
14 22
14 29
15 19
15 92
16 18
16 34
16 36
16 71
16 133
16 164
16 189
16 199
17 30
17 43
17 62
17 85
17 108
17 130
17 194
19 24
19 25
19 39
19 187
20 21
20 35
20 68
20 90
20 95
20 106
20 138
20 148
20 154
21 89
21 193
22 28
22 47
22 75
22 78
22 79
22 95
22 105
22 137
22 164
22 178
23 49
23 51
23 63
23 110
23 184
24 67
24 77
24 80
24 88
24 165
24 187
25 45
25 46
25 98
25 143
25 176
26 51
26 133
26 160
27 56
27 87
27 144
28 30
28 65
28 90
28 97
28 148
28 163
28 177
28 186
29 67
29 93
30 35
30 126
31 57
31 62
31 73
31 156
31 158
31 175
32 40
32 60
32 111
32 154
33 43
33 50
33 53
33 64
33 70
33 81
33 103
33 168
34 47
34 165
35 42
35 55
35 64
35 118
35 177
35 184
36 42
36 44
36 54
36 55
36 70
36 85
36 103
36 132
36 135
36 142
37 124
37 157
38 71
38 113
38 125
39 58
39 72
39 76
39 105
39 107
39 116
39 131
39 132
39 180
40 65
40 66
40 102
40 115
40 134
40 141
40 156
41 74
42 52
42 59
42 74
42 89
42 91
42 93
43 50
43 114
44 127
44 141
44 183
45 160
45 196
46 57
46 69
46 86
46 135
47 151
47 188
48 61
50 73
51 77
52 54
52 117
53 79
53 82
53 111
53 123
54 56
54 82
54 158
54 169
55 125
55 139
55 157
57 66
58 169
61 116
62 144
62 172
62 185
63 134
64 146
65 128
66 83
66 121
67 92
67 192
68 147
70 175
71 128
71 181
71 182
72 146
74 124
74 152
74 166
74 173
75 117
80 120
80 188
81 96
82 112
82 173
86 94
86 106
86 139
86 161
87 129
87 163
88 100
88 185
89 140
89 198
90 91
91 101
92 167
93 122
93 140
94 143
95 136
95 155
101 113
101 159
102 155
103 109
103 170
104 114
104 136
104 168
106 149
106 182
107 161
111 167
115 129
121 145
123 159
124 145
124 153
124 179
125 170
134 138
134 151
139 190
139 197
156 174
157 195
169 176
171 172
177 193
182 199
