0.14827539999999997 0.5714889022985344
0.10461335000000001 0.3114347111688033
0.08185360000000001 0.2705413619956608
0.0664469 0.24122196728762396
0.051337200000000006 0.224191494095336
0.0383107 0.21204337296014578
0.027017399999999997 0.19977709738755856
0.021807899999999998 0.19107107916675375
0.0055994999999999994 0.17792789699211292
-0.0021122 0.16709640064202638
-0.0172114 0.15979432175221764
-0.022529399999999998 0.15542903689181511
-0.028434899999999996 0.14508372222569005
-0.04221000000000001 0.13837781833828863
-0.05456214999999999 0.1361504431687967
-0.05991590000000001 0.12800103028448212
-0.06216794999999999 0.12336192206902279
-0.0827762 0.11300363835337686
-0.07842365 0.10538506354514701
-0.09317450000000001 0.10605034441193459
-0.10456000000000001 0.09295975935092181
