0.5466141071299758 0.14592135
0.5352562348719292 0.14365239999999999
0.4952662014184952 0.1335673
0.4032872502712201 0.10609824999999999
0.3718275664774183 0.0947563
0.3459697908433356 0.09013795000000002
0.3243030138968717 0.08301245
0.3097417448972418 0.0831714
0.3002778912270462 0.07957165000000002
0.29266887816895226 0.0803059
0.2758057715840333 0.0748869
0.21277327017702316 0.06668035000000001
0.19233090182364027 0.06355665
0.17930309502125974 0.06259155
0.17022074712943872 0.06782714999999999
0.15425508107407926 0.0654509
0.14130169806963505 0.0670122
0.12139039814605987 0.0740045
0.11295541426252931 0.07182870000000001
0.09912695044315631 0.07217350000000002
0.08889817311498902 0.07558984999999999
