-3.4867915000000003 0.26847601174438923
-3.243652 0.4792271280780302
-3.019253 0.5071824539967571
-2.8485069999999997 0.568307470833293
-2.675608 0.5848927136618245
-2.5675350000000003 0.6008984689892474
-2.4099105 0.6303425765545733
-2.2869325 0.6871630556391259
-2.1679915 0.6580082079620615
-2.0466430000000004 0.7677104885581598
-1.9502569999999997 0.7270416686787498
-1.7577080000000003 0.7617325319791504
-1.8083149999999997 0.7138733680445852
-1.6731504999999995 0.7834550824916839
-1.6209005 0.7820391092109386
-1.5138730000000002 0.7797279162631957
-1.3953844999999998 0.8336621669621936
-1.2837954999999999 0.8191375414400759
-1.1736725 0.8038098584079971
-1.1534565 0.8409743737433498
-1.1138075 0.8723746097380748
