0.8037999999999988 0.6760599999999986 0.5288099999999996 0.41829999999999884 0.31671999999999895 0.23186999999999933 0.18553999999999954 0.15586000000000008 0.11724000000000054 0.1107100000000005 0.11111000000000065 0.11161000000000049 0.10612000000000042 0.1075600000000005 0.09276000000000037 0.10204000000000049 0.0942400000000003 0.09875000000000038 0.09473000000000034 0.08966000000000024 
0.8075399999999994 0.6197899999999997 0.4792999999999995 0.36033999999999927 0.277659999999999 0.21260999999999927 0.1667700000000001 0.12693000000000054 0.0935700000000003 0.09298000000000028 0.09746000000000044 0.08213000000000029 0.09186000000000039 0.08320000000000037 0.07822000000000015 0.09089000000000047 0.07835000000000017 0.07438999999999993 0.07943000000000014 0.07271000000000008 
0.7865399999999991 0.5976499999999995 0.45537999999999934 0.3537599999999994 0.2712999999999993 0.21210999999999963 0.15705999999999995 0.11531000000000069 0.09254000000000032 0.08909000000000035 0.08320000000000019 0.08831000000000025 0.07973000000000022 0.08277000000000015 0.07619000000000012 0.0850300000000002 0.07020999999999994 0.07734000000000003 0.06884999999999988 0.07220000000000006 
0.770959999999999 0.5887999999999999 0.46552999999999933 0.3201199999999992 0.24969999999999923 0.17924999999999974 0.14587000000000033 0.10975000000000049 0.07794000000000012 0.08375000000000016 0.0797900000000003 0.0853100000000001 0.07614000000000018 0.08191000000000014 0.07153999999999996 0.06874999999999996 0.06937999999999998 0.06707999999999976 0.0612799999999998 0.06437999999999978 
0.7848699999999996 0.6119999999999997 0.45198999999999934 0.3645699999999992 0.25914999999999955 0.18900999999999973 0.15598000000000017 0.10950000000000057 0.0804600000000001 0.07818000000000008 0.08158000000000015 0.06628999999999988 0.0801300000000001 0.07365000000000003 0.0693199999999999 0.07313000000000008 0.07467999999999997 0.07405000000000013 0.0635199999999998 0.06735 
0.7413400000000002 0.5497299999999987 0.3978099999999991 0.30157999999999924 0.2361799999999994 0.18544999999999975 0.1300500000000007 0.0994400000000004 0.07886000000000011 0.08385000000000012 0.07349000000000006 0.0766000000000001 0.07266999999999994 0.0683699999999999 0.07845000000000003 0.06679999999999992 0.061469999999999816 0.06377999999999974 0.0661699999999999 0.06553999999999986 
0.7776500000000004 0.5711899999999996 0.4204899999999992 0.31899999999999934 0.2566599999999996 0.1756999999999996 0.15567000000000014 0.10583000000000038 0.08779000000000023 0.08132000000000024 0.0840400000000003 0.07111999999999997 0.07556000000000003 0.07998000000000019 0.07628999999999994 0.06617999999999986 0.06571999999999988 0.06207999999999984 0.06022999999999979 0.06009999999999994 
0.7420399999999988 0.5365599999999998 0.3960799999999992 0.3083599999999993 0.23098999999999928 0.17862999999999996 0.14317000000000035 0.10123000000000042 0.08232000000000003 0.07640000000000015 0.07994000000000022 0.0768700000000001 0.07858000000000012 0.07480000000000012 0.07601000000000005 0.06509999999999987 0.07044000000000004 0.06317999999999976 0.06862999999999991 0.06667999999999999 
0.7147699999999999 0.5450699999999995 0.3993099999999994 0.2871099999999992 0.23699999999999954 0.16859999999999992 0.12538000000000044 0.1029200000000003 0.08019000000000025 0.07510999999999995 0.06669999999999984 0.06843999999999992 0.06729999999999983 0.06769999999999997 0.0650799999999998 0.059869999999999764 0.060899999999999836 0.06632999999999997 0.0639699999999998 0.05587999999999991 
0.7613700000000003 0.5423999999999995 0.41758999999999924 0.29549999999999915 0.23452999999999963 0.16280999999999995 0.13696000000000016 0.09631000000000038 0.08065000000000021 0.0774800000000001 0.08101000000000019 0.07429999999999995 0.06601999999999991 0.06613999999999982 0.06641999999999997 0.06387999999999985 0.06355999999999974 0.06441999999999976 0.061189999999999745 0.06500999999999985 
0.7591399999999999 0.5517799999999997 0.3840799999999995 0.3020399999999997 0.23280999999999943 0.16052999999999998 0.11629000000000048 0.08970000000000043 0.06907999999999999 0.07139999999999987 0.06630999999999997 0.06558999999999979 0.06301999999999987 0.06339999999999976 0.06727999999999987 0.05999999999999981 0.062309999999999865 0.05274999999999986 0.05331999999999994 0.0583399999999998 
0.7699799999999997 0.5408699999999992 0.4147599999999993 0.2822699999999993 0.21329999999999966 0.16133000000000003 0.12020000000000057 0.09588000000000033 0.07467 0.07542000000000004 0.07236000000000008 0.06992000000000002 0.06893999999999988 0.062459999999999724 0.05884999999999987 0.06210999999999984 0.06374999999999986 0.058739999999999855 0.0619199999999998 0.06558999999999986 
0.7166099999999994 0.5060199999999998 0.39143999999999923 0.2686099999999993 0.19917999999999939 0.15835000000000013 0.12021000000000033 0.08523000000000024 0.07562000000000002 0.07057000000000001 0.07038999999999994 0.06310999999999985 0.06522999999999984 0.0594799999999998 0.058649999999999744 0.06113999999999989 0.0554099999999998 0.049949999999999876 0.05473999999999982 0.05405999999999983 
0.4286299999999996 0.3239499999999998 0.2561799999999995 0.1865599999999999 0.15014999999999998 0.1151200000000005 0.08787000000000025 0.06526999999999983 0.05351999999999988 0.054279999999999815 0.052599999999999945 0.05395999999999987 0.05244999999999991 0.05071999999999998 0.045930000000000006 0.04804999999999993 0.04591999999999993 0.044649999999999974 0.04290999999999997 0.045539999999999976 
